((7, 3, 4), frozenset({'obstacle'}), 4), 7.157894736842105
((7, 1, 4), frozenset(), 0), 39.56212370885521
((1, 1, 2), frozenset(), 6), 1
((5, 5, 1), frozenset(), 7), 27.875010694332104
((1, 5, 1), frozenset(), 1), 29.389161104033363
((3, 3, 1), frozenset(), 5), 7.157894736842105
((7, 3, 2), frozenset({'obstacle'}), 0), 4.0
((9, 7, 3), frozenset(), 5), 2
((7, 1, 2), frozenset(), 1), 16.666666666666664
((5, 5, 2), frozenset(), 0), 38.79756189120448
((1, 9, 2), frozenset({'base3'}), 6), 48.335851575162174
((9, 5, 1), frozenset(), 7), 28.96014983690298
((3, 9, 3), frozenset(), 6), 22.34462640918974
((7, 9, 4), frozenset(), 7), 16.92103426445034
((1, 1, 2), frozenset(), 1), 35.971555749914366
((7, 5, 1), frozenset(), 5), 6.0
((7, 9, 2), frozenset(), 5), 4
((1, 9, 1), frozenset({'base3'}), 7), 50.52741209803983
((3, 1, 3), frozenset(), 6), 10.0
((3, 3, 1), frozenset(), 0), 42.34677243137132
((9, 7, 3), frozenset(), 0), 30.9092803189383
((5, 3, 2), frozenset(), 7), 30.4947521197225
((7, 1, 2), frozenset(), 5), 2
((3, 7, 3), frozenset(), 7), 34.60298914708566
((5, 5, 3), frozenset(), 6), 60.40493492796965
((1, 3, 1), frozenset(), 7), 6.699999999999999
((3, 9, 2), frozenset(), 7), 43.65166375365369
((3, 9, 4), frozenset(), 7), 21.881551396675512
((1, 5, 2), frozenset(), 7), 43.58477529875651
((7, 1, 3), frozenset(), 7), 14.290334031195798
((3, 1, 2), frozenset(), 7), 10.0
((3, 9, 3), frozenset(), 1), 28.253668479546256
((7, 5, 1), frozenset(), 0), 34.57608955407184
((3, 1, 1), frozenset(), 7), 10.0
((1, 1, 2), frozenset(), 5), 2
((7, 9, 2), frozenset(), 0), 30.625592375675893
((9, 5, 4), frozenset(), 1), 16.799999999999997
((5, 1, 3), frozenset({'obstacle'}), 6), 5.333333333333333
((7, 1, 2), frozenset(), 0), 42.895457042188546
((5, 5, 3), frozenset(), 1), 19.98930180593942
((5, 5, 4), frozenset(), 7), 33.21191183574982
((9, 5, 1), frozenset(), 6), 79.59693168260016
((9, 7, 2), frozenset(), 5), 5.2631578947368425
((3, 9, 3), frozenset(), 5), 5.2631578947368425
((7, 9, 4), frozenset(), 6), 21.620661965285223
((3, 7, 4), frozenset(), 7), 37.55770170748016
((1, 1, 2), frozenset(), 0), 49.39295561528485
((5, 1, 3), frozenset({'obstacle'}), 1), 5.333333333333333
((9, 5, 4), frozenset(), 5), 4
((1, 7, 4), frozenset(), 6), 57.34348042865648
((7, 7, 2), frozenset(), 6), 59.98065470647116
((7, 7, 4), frozenset(), 6), 59.71470512802203
((5, 3, 2), frozenset(), 6), 73.06826101332294
((3, 7, 3), frozenset(), 6), 60.853067713827826
((7, 9, 3), frozenset(), 6), 25.550441500889203
((5, 5, 3), frozenset(), 5), 6.0
((3, 9, 2), frozenset(), 6), 57.70775375112321
((3, 9, 4), frozenset(), 6), 28.930992947927834
((3, 3, 3), frozenset(), 6), 10.0
((9, 5, 1), frozenset(), 1), 19.782456140350874
((9, 5, 2), frozenset(), 6), 79.59693168260016
((9, 7, 2), frozenset(), 0), 27.575946985604965
((7, 9, 4), frozenset(), 1), 26.903643422562066
((1, 7, 3), frozenset(), 7), 45.08277766520129
((1, 7, 2), frozenset(), 7), 47.39777766520129
((9, 5, 4), frozenset(), 0), 35.54205093371651
((5, 1, 3), frozenset({'obstacle'}), 5), 5.333333333333333
((7, 9, 1), frozenset(), 7), 40.175938694477956
((1, 5, 4), frozenset(), 7), 38.07236302674248
((1, 7, 4), frozenset(), 1), 33.86086977606284
((3, 3, 4), frozenset(), 7), 10.0
((7, 7, 2), frozenset(), 1), 23.679474398281016
((7, 7, 4), frozenset(), 1), 24.527962463240947
((3, 5, 3), frozenset(), 7), 33.85123818543866
((5, 3, 2), frozenset(), 1), 27.70053091616056
((3, 7, 3), frozenset(), 1), 26.255200181805073
((7, 9, 3), frozenset(), 1), 25.231763522772585
((5, 5, 3), frozenset(), 0), 35.527940021134135
((9, 5, 3), frozenset(), 7), 30.21647784846629
((3, 9, 2), frozenset(), 1), 30.52370397606149
((3, 9, 4), frozenset(), 1), 33.56212316045543
((5, 1, 4), frozenset({'obstacle'}), 7), 5.333333333333333
((7, 1, 1), frozenset(), 7), 25.09954249640452
((5, 7, 1), frozenset(), 6), 22.72451258856174
((9, 3, 4), frozenset(), 1), 16.666666666666664
((3, 3, 3), frozenset(), 1), 27.65858270635231
((5, 1, 2), frozenset({'obstacle'}), 6), 2
((7, 1, 3), frozenset(), 1), 13.333333333333332
((9, 5, 2), frozenset(), 1), 13.466666666666665
((9, 9, 4), frozenset({'base1'}), 0), 23.888003723193624
((7, 9, 4), frozenset(), 5), 5.2631578947368425
((1, 1, 1), frozenset(), 7), 1
((5, 1, 3), frozenset({'obstacle'}), 0), 5.333333333333333
((5, 1, 1), frozenset({'obstacle'}), 6), 4
((1, 7, 4), frozenset(), 5), 2
((7, 7, 2), frozenset(), 5), 7.157894736842105
((1, 1, 4), frozenset(), 6), 1
((7, 7, 4), frozenset(), 5), 7.157894736842105
((3, 7, 3), frozenset(), 5), 7.157894736842105
((7, 9, 3), frozenset(), 5), 4.0
((9, 1, 4), frozenset({'base2'}), 1), 10.0
((5, 1, 4), frozenset({'obstacle'}), 2), 5.333333333333333
((9, 7, 1), frozenset(), 5), 4.0
((5, 7, 1), frozenset(), 1), 27.69863458928011
((9, 3, 4), frozenset(), 5), 4
((3, 3, 3), frozenset(), 5), 7.157894736842105
((5, 1, 2), frozenset({'obstacle'}), 1), 2
((7, 7, 3), frozenset(), 7), 32.30382809458378
((5, 3, 1), frozenset(), 7), 30.4947521197225
((3, 7, 2), frozenset(), 7), 39.639798951978385
((9, 5, 2), frozenset(), 5), 5.333333333333333
((1, 7, 3), frozenset(), 6), 57.34348042865648
((5, 9, 2), frozenset(), 5), 4
((1, 1, 3), frozenset(), 7), 1
((7, 7, 1), frozenset(), 6), 65.70989770759537
((1, 7, 2), frozenset(), 6), 55.19242222795049
((5, 1, 3), frozenset({'obstacle'}), 4), 5.333333333333333
((7, 9, 1), frozenset(), 6), 78.40965062324172
((1, 5, 4), frozenset(), 6), 58.843189431719225
((5, 1, 1), frozenset({'obstacle'}), 1), 4
((1, 7, 4), frozenset(), 0), 43.66320155592225
((3, 3, 2), frozenset(), 6), 9.6
((3, 3, 4), frozenset(), 6), 10.0
((3, 9, 1), frozenset(), 0), 36.54728423817501
((7, 7, 2), frozenset(), 0), 33.57629919815852
((1, 1, 4), frozenset(), 1), 35.670566590758305
((7, 7, 4), frozenset(), 0), 34.55100442179333
((3, 7, 3), frozenset(), 0), 36.26812876954872
((7, 9, 3), frozenset(), 0), 27.292259042342558
((9, 5, 3), frozenset(), 6), 68.89777956774483
((1, 7, 1), frozenset(), 5), 4.0
((9, 1, 4), frozenset({'base2'}), 5), 4
((9, 7, 1), frozenset(), 0), 29.621486365970778
((5, 1, 4), frozenset({'obstacle'}), 6), 5.333333333333333
((5, 7, 2), frozenset(), 7), 22.285767125230247
((9, 9, 3), frozenset({'base1'}), 5), 2
((5, 7, 1), frozenset(), 5), 4.0
((9, 9, 2), frozenset({'base1'}), 5), 4
((9, 3, 4), frozenset(), 0), 38.015525324454245
((3, 3, 3), frozenset(), 0), 40.45139926201505
((7, 3, 3), frozenset({'obstacle'}), 6), 4.0
((1, 3, 4), frozenset(), 7), 17.215887345248206
((5, 1, 2), frozenset({'obstacle'}), 5), 2
((9, 5, 2), frozenset(), 0), 33.37605264937103
((1, 3, 3), frozenset(), 7), 13.390015717448598
((3, 5, 2), frozenset(), 5), 6.0
((1, 7, 3), frozenset(), 1), 28.162583178634222
((7, 5, 3), frozenset(), 7), 32.13424683308807
((5, 9, 2), frozenset(), 0), 33.701226511375715
((7, 7, 1), frozenset(), 1), 25.771360014931737
((1, 7, 2), frozenset(), 1), 30.84410792036443
((7, 9, 1), frozenset(), 1), 28.389480338580352
((9, 9, 1), frozenset({'base1'}), 6), 10.0
((7, 5, 4), frozenset(), 0), 37.87872280445293
((3, 1, 4), frozenset(), 7), 10.0
((3, 3, 2), frozenset(), 1), 30.571496066477998
((3, 3, 4), frozenset(), 1), 28.59031822323091
((5, 1, 1), frozenset({'obstacle'}), 5), 4
((9, 3, 2), frozenset(), 1), 13.333333333333332
((7, 3, 1), frozenset({'obstacle'}), 7), 7.157894736842105
((1, 1, 4), frozenset(), 5), 2
((9, 5, 3), frozenset(), 1), 16.799999999999997
((7, 5, 2), frozenset(), 7), 30.849125610835504
((1, 7, 1), frozenset(), 0), 40.635952696528136
((9, 1, 4), frozenset({'base2'}), 0), 34.510665873598484
((9, 9, 3), frozenset({'base1'}), 0), 23.888003723193624
((5, 1, 4), frozenset({'obstacle'}), 1), 5.333333333333333
((5, 7, 1), frozenset(), 0), 35.67826887048567
((9, 9, 2), frozenset({'base1'}), 0), 20.554670389860288
((7, 3, 3), frozenset({'obstacle'}), 1), 4.0
((9, 1, 3), frozenset({'base2'}), 1), 10.0
((1, 9, 4), frozenset({'base3'}), 5), 2
((5, 1, 2), frozenset({'obstacle'}), 0), 2
((7, 7, 3), frozenset(), 6), 62.0542783324858
((3, 7, 2), frozenset(), 6), 53.10080536206057
((3, 5, 2), frozenset(), 0), 41.45533458819543
((9, 3, 1), frozenset(), 1), 16.0
((1, 7, 3), frozenset(), 5), 4
((7, 7, 1), frozenset(), 5), 4.0
((1, 1, 3), frozenset(), 6), 1
((9, 3, 3), frozenset(), 6), 83.59382544039102
((9, 1, 2), frozenset({'base2'}), 1), 10.0
((9, 9, 1), frozenset({'base1'}), 1), 26.8704598635445
((5, 1, 1), frozenset({'obstacle'}), 0), 4
((3, 3, 2), frozenset(), 5), 4.0
((3, 3, 4), frozenset(), 5), 4.0
((5, 9, 4), frozenset(), 7), 10.0
((7, 3, 1), frozenset({'obstacle'}), 2), 7.157894736842105
((1, 1, 4), frozenset(), 0), 48.851732908312805
((9, 3, 2), frozenset(), 5), 4.0
((5, 7, 2), frozenset(), 6), 30.395946214055158
((1, 9, 4), frozenset({'base3'}), 0), 42.140575951467305
((7, 3, 3), frozenset({'obstacle'}), 5), 4.0
((9, 1, 3), frozenset({'base2'}), 5), 2
((7, 7, 3), frozenset(), 1), 22.55424254919011
((1, 3, 4), frozenset(), 6), 21.192132645500642
((9, 7, 4), frozenset(), 7), 32.80897538717143
((1, 5, 3), frozenset(), 7), 33.71894046108936
((9, 3, 1), frozenset(), 5), 5.2631578947368425
((7, 7, 1), frozenset(), 0), 32.55764253803274
((1, 1, 3), frozenset(), 1), 34.61734638878632
((9, 3, 3), frozenset(), 1), 16.666666666666664
((1, 5, 1), frozenset(), 5), 5.333333333333333
((7, 3, 2), frozenset({'obstacle'}), 4), 4.0
((9, 1, 2), frozenset({'base2'}), 5), 2
((9, 9, 1), frozenset({'base1'}), 5), 2
((3, 3, 2), frozenset(), 0), 43.64645765970977
((7, 3, 4), frozenset({'obstacle'}), 3), 7.157894736842105
((9, 3, 2), frozenset(), 0), 38.55018285277706
((1, 9, 2), frozenset({'base3'}), 1), 32.39574549086786
((7, 3, 1), frozenset({'obstacle'}), 6), 7.157894736842105
((7, 5, 2), frozenset(), 6), 76.06578535426067
((1, 3, 2), frozenset(), 7), 3.8
((5, 7, 2), frozenset(), 1), 25.574565657197958
((3, 5, 1), frozenset(), 7), 22.152821607644203
((9, 1, 1), frozenset({'base2'}), 7), 10.0
((7, 3, 3), frozenset({'obstacle'}), 0), 4.0
((9, 1, 3), frozenset({'base2'}), 0), 34.510665873598484
((7, 7, 3), frozenset(), 5), 4.0
((9, 3, 1), frozenset(), 0), 34.68219199112091
((3, 7, 1), frozenset(), 7), 42.13026665426722
((5, 5, 1), frozenset(), 6), 54.82204192784228
((1, 5, 1), frozenset(), 0), 42.21351456178036
((3, 1, 3), frozenset(), 1), 33.857037309394826
((9, 3, 3), frozenset(), 5), 2
((9, 1, 2), frozenset({'base2'}), 0), 37.49312201394936
((9, 9, 1), frozenset({'base1'}), 0), 26.8704598635445
((7, 3, 1), frozenset({'obstacle'}), 1), 7.157894736842105
((7, 3, 4), frozenset({'obstacle'}), 7), 7.157894736842105
((1, 9, 2), frozenset({'base3'}), 5), 4
((1, 9, 3), frozenset({'base3'}), 7), 49.37177563413046
((5, 9, 1), frozenset(), 7), 10.0
((5, 7, 4), frozenset(), 7), 39.59911476238458
((9, 7, 4), frozenset(), 6), 81.12544572716203
((1, 5, 3), frozenset(), 6), 61.19576712432466
((5, 7, 3), frozenset(), 7), 36.32202703751808
((5, 5, 1), frozenset(), 1), 23.322635139272755
((1, 9, 1), frozenset({'base3'}), 6), 50.52741209803983
((9, 3, 3), frozenset(), 0), 38.015525324454245
((3, 1, 3), frozenset(), 5), 5.2631578947368425
((5, 3, 4), frozenset(), 7), 13.810591563498804
((7, 3, 2), frozenset({'obstacle'}), 3), 4.0
((5, 3, 3), frozenset(), 7), 16.585023576172897
((1, 3, 1), frozenset(), 6), 6.699999999999999
((7, 3, 4), frozenset({'obstacle'}), 2), 7.157894736842105
((1, 9, 2), frozenset({'base3'}), 0), 39.15811981111642
((7, 3, 1), frozenset({'obstacle'}), 5), 7.157894736842105
((1, 5, 2), frozenset(), 6), 56.92789065799792
((3, 5, 1), frozenset(), 6), 29.801626364550454
((7, 1, 4), frozenset(), 7), 17.935501046793693
((3, 1, 2), frozenset(), 6), 10.0
((3, 9, 3), frozenset(), 0), 33.213950904841674
((3, 1, 1), frozenset(), 6), 10.0
((1, 5, 3), frozenset(), 1), 26.055827770700027
((3, 7, 1), frozenset(), 6), 54.238944210702535
((1, 9, 1), frozenset({'base3'}), 1), 33.14564696057012
((5, 5, 1), frozenset(), 5), 6.0
((3, 1, 3), frozenset(), 0), 47.55916673635918
((7, 3, 2), frozenset({'obstacle'}), 7), 4.0
((1, 3, 1), frozenset(), 1), 30.84410792036443
((5, 5, 2), frozenset(), 7), 27.81580169577805
((1, 5, 2), frozenset(), 1), 29.389161104033363
((7, 3, 4), frozenset({'obstacle'}), 6), 7.157894736842105
((3, 5, 1), frozenset(), 1), 26.663895185688688
((5, 5, 4), frozenset(), 6), 59.766865500036474
((9, 1, 1), frozenset({'base2'}), 1), 10.0
((3, 1, 2), frozenset(), 1), 34.440864083238175
((9, 5, 1), frozenset(), 5), 5.333333333333333
((3, 1, 1), frozenset(), 1), 30.52370397606149
((1, 9, 3), frozenset({'base3'}), 6), 49.37177563413046
((3, 7, 4), frozenset(), 6), 59.23674326353165
((5, 9, 1), frozenset(), 6), 10.0
((1, 5, 3), frozenset(), 5), 4
((3, 7, 1), frozenset(), 1), 29.53662626554594
((5, 5, 1), frozenset(), 0), 37.65075555247073
((1, 9, 1), frozenset({'base3'}), 5), 2
((3, 3, 1), frozenset(), 7), 10.0
((7, 3, 2), frozenset({'obstacle'}), 2), 4.0
((9, 7, 3), frozenset(), 7), 32.80897538717143
((5, 3, 2), frozenset(), 5), 4.0
((1, 3, 1), frozenset(), 5), 5.2631578947368425
((3, 9, 2), frozenset(), 5), 4
((3, 9, 4), frozenset(), 5), 4.0
((7, 3, 4), frozenset({'obstacle'}), 1), 7.157894736842105
((1, 5, 2), frozenset(), 5), 5.333333333333333
((5, 5, 4), frozenset(), 1), 23.698592865726738
((3, 5, 1), frozenset(), 5), 6.0
((7, 1, 3), frozenset(), 5), 4.0
((9, 5, 1), frozenset(), 0), 32.208717600383174
((3, 1, 2), frozenset(), 5), 2
((7, 9, 4), frozenset(), 0), 29.994386701917023
((1, 9, 3), frozenset({'base3'}), 1), 29.853974819998022
((3, 7, 4), frozenset(), 1), 31.636659162824905
((3, 1, 1), frozenset(), 5), 4
((5, 9, 1), frozenset(), 1), 29.90634197094128
((7, 5, 1), frozenset(), 7), 33.05845581266652
((7, 9, 2), frozenset(), 7), 34.91218128489024
((3, 7, 1), frozenset(), 5), 4.0
((1, 9, 1), frozenset({'base3'}), 0), 39.15811981111642
((3, 5, 3), frozenset(), 6), 65.22160876216566
((5, 3, 2), frozenset(), 0), 42.97006651118112
((7, 1, 2), frozenset(), 7), 25.09954249640452
((1, 3, 1), frozenset(), 0), 43.86089800441084
((3, 9, 2), frozenset(), 0), 36.54728423817501
((3, 9, 4), frozenset(), 0), 39.52974037852589
((7, 1, 1), frozenset(), 6), 77.73657143110205
((5, 5, 2), frozenset(), 6), 60.94998456814187
((1, 5, 2), frozenset(), 0), 43.47733712311681
((5, 5, 4), frozenset(), 5), 6.0
((7, 1, 3), frozenset(), 0), 45.87791318253942
((3, 1, 2), frozenset(), 0), 47.919248549339414
((3, 1, 1), frozenset(), 0), 44.225833403025845
((1, 9, 3), frozenset({'base3'}), 5), 4
((3, 7, 4), frozenset(), 5), 4.0
((5, 9, 1), frozenset(), 5), 2
((1, 1, 1), frozenset(), 6), 1
((3, 7, 1), frozenset(), 0), 38.52376202278923
((1, 5, 4), frozenset(), 1), 32.37161724438424
((3, 5, 3), frozenset(), 1), 23.330561852355356
((7, 1, 1), frozenset(), 1), 16.666666666666664
((5, 5, 2), frozenset(), 1), 23.322635139272755
((5, 5, 4), frozenset(), 0), 36.77144083691236
((5, 3, 1), frozenset(), 6), 70.17489552354499
((9, 7, 2), frozenset(), 7), 20.931229428787013
((1, 9, 3), frozenset({'base3'}), 0), 35.824786477783086
((3, 7, 4), frozenset(), 0), 41.5629392199871
((1, 7, 2), frozenset(), 5), 5.2631578947368425
((7, 5, 1), frozenset(), 6), 76.06578535426067
((1, 1, 1), frozenset(), 1), 32.39574549086786
((7, 9, 2), frozenset(), 6), 77.1502210092445
((5, 1, 3), frozenset({'obstacle'}), 3), 5.333333333333333
((9, 5, 4), frozenset(), 7), 30.21647784846629
((7, 9, 1), frozenset(), 5), 2
((1, 5, 4), frozenset(), 5), 2
((3, 5, 3), frozenset(), 5), 8.0
((5, 9, 3), frozenset(), 7), 10.0
((9, 5, 3), frozenset(), 5), 2
((5, 5, 3), frozenset(), 7), 30.786415541482903
((5, 1, 4), frozenset({'obstacle'}), 5), 5.333333333333333
((7, 1, 1), frozenset(), 5), 4
((5, 1, 2), frozenset({'obstacle'}), 4), 2
((5, 3, 1), frozenset(), 1), 25.574565657197958
((3, 7, 2), frozenset(), 1), 28.60229577288156
((1, 3, 3), frozenset(), 6), 16.648669860295797
((1, 7, 3), frozenset(), 0), 38.15368102501637
((7, 5, 3), frozenset(), 6), 74.67894732877085
((9, 9, 4), frozenset({'base1'}), 7), 10.0
((1, 7, 2), frozenset(), 0), 41.44222163930646
((7, 5, 1), frozenset(), 1), 22.500680272108845
((7, 9, 2), frozenset(), 1), 25.22838302312012
((1, 1, 1), frozenset(), 5), 4
((7, 9, 1), frozenset(), 0), 30.625592375675893
((5, 1, 3), frozenset({'obstacle'}), 7), 5.333333333333333
((1, 5, 4), frozenset(), 0), 45.26618306664993
((3, 1, 4), frozenset(), 6), 10.0
((3, 3, 4), frozenset(), 0), 40.385329061284125
((5, 1, 1), frozenset({'obstacle'}), 4), 4
((3, 5, 3), frozenset(), 0), 38.177829188932236
((9, 5, 3), frozenset(), 0), 35.54205093371651
((5, 1, 4), frozenset({'obstacle'}), 0), 5.333333333333333
((7, 1, 1), frozenset(), 0), 42.895457042188546
((1, 3, 4), frozenset(), 1), 33.46973323008386
((5, 3, 1), frozenset(), 5), 8.0
((3, 7, 2), frozenset(), 5), 7.157894736842105
((1, 3, 3), frozenset(), 1), 29.845626081256867
((7, 5, 3), frozenset(), 1), 19.16734693877551
((9, 7, 2), frozenset(), 6), 33.13456630277335
((1, 1, 3), frozenset(), 5), 4
((1, 1, 1), frozenset(), 0), 45.558072889802936
((3, 5, 4), frozenset(), 7), 38.09885805038301
((5, 1, 3), frozenset({'obstacle'}), 2), 5.333333333333333
((9, 5, 4), frozenset(), 6), 68.90756800977677
((3, 1, 4), frozenset(), 1), 33.857037309394826
((5, 9, 4), frozenset(), 6), 10.0
((1, 7, 4), frozenset(), 7), 47.15599494750933
((3, 9, 1), frozenset(), 7), 47.875060303345634
((5, 9, 3), frozenset(), 6), 10.0
((7, 7, 2), frozenset(), 7), 31.506202000503027
((7, 5, 2), frozenset(), 1), 22.500680272108845
((7, 7, 4), frozenset(), 7), 32.97625444828993
((7, 9, 3), frozenset(), 7), 15.791795077434287
((5, 1, 4), frozenset({'obstacle'}), 4), 5.333333333333333
((5, 7, 2), frozenset(), 5), 8.0
((9, 7, 1), frozenset(), 7), 17.265187738895595
((7, 3, 3), frozenset({'obstacle'}), 4), 4.0
((9, 3, 4), frozenset(), 7), 25.301670155978993
((7, 7, 3), frozenset(), 0), 32.67042972084165
((3, 3, 3), frozenset(), 7), 10.0
((1, 3, 4), frozenset(), 5), 2
((5, 1, 2), frozenset({'obstacle'}), 3), 2
((3, 7, 2), frozenset(), 0), 39.54474104603506
((5, 3, 1), frozenset(), 0), 39.62325657487705
((1, 3, 3), frozenset(), 5), 4
((9, 5, 2), frozenset(), 7), 27.90147784846629
((9, 7, 2), frozenset(), 1), 17.273469387755103
((7, 5, 3), frozenset(), 5), 4.0
((9, 9, 4), frozenset({'base1'}), 6), 10.0
((1, 1, 3), frozenset(), 0), 48.13761324149036
((5, 9, 2), frozenset(), 7), 10.0
((3, 1, 4), frozenset(), 5), 4.0
((5, 9, 4), frozenset(), 1), 30.190939134765728
((5, 1, 1), frozenset({'obstacle'}), 3), 4
((7, 5, 4), frozenset(), 7), 33.030566230427375
((5, 9, 3), frozenset(), 1), 26.696259328056094
((7, 5, 2), frozenset(), 5), 6.0
((1, 3, 2), frozenset(), 6), 3.8
((5, 7, 2), frozenset(), 0), 37.66679005004063
((1, 7, 1), frozenset(), 7), 47.39777766520129
((9, 1, 4), frozenset({'base2'}), 7), 10.0
((9, 9, 3), frozenset({'base1'}), 7), 10.0
((5, 7, 1), frozenset(), 7), 18.058701069671336
((9, 9, 2), frozenset({'base1'}), 7), 10.0
((1, 3, 4), frozenset(), 0), 45.69437997839053
((9, 7, 4), frozenset(), 1), 20.606802721088435
((5, 1, 2), frozenset({'obstacle'}), 7), 2
((1, 3, 3), frozenset(), 0), 42.93481900214118
((7, 5, 3), frozenset(), 0), 37.32612131131246
((3, 5, 2), frozenset(), 7), 17.23757212431682
((9, 9, 4), frozenset({'base1'}), 1), 23.888003723193624
((3, 5, 4), frozenset(), 6), 63.26299488288527
((3, 1, 4), frozenset(), 0), 47.55916673635918
((5, 9, 4), frozenset(), 5), 5.333333333333333
((5, 1, 1), frozenset({'obstacle'}), 7), 4
((7, 3, 1), frozenset({'obstacle'}), 0), 7.157894736842105
((3, 9, 1), frozenset(), 6), 57.70775375112321
((5, 9, 3), frozenset(), 5), 5.333333333333333
((1, 1, 4), frozenset(), 7), 1
((7, 5, 2), frozenset(), 0), 37.28981999405781
((1, 3, 2), frozenset(), 1), 32.57158132852996
((5, 1, 4), frozenset({'obstacle'}), 3), 5.333333333333333
((9, 7, 1), frozenset(), 6), 24.677474426898844
((7, 3, 3), frozenset({'obstacle'}), 3), 4.0
((9, 3, 4), frozenset(), 6), 80.31256953459004
((1, 9, 4), frozenset({'base3'}), 7), 51.073822081739834
((5, 1, 2), frozenset({'obstacle'}), 2), 2
((5, 7, 4), frozenset(), 6), 61.60112826437714
((9, 7, 4), frozenset(), 5), 4
((5, 7, 3), frozenset(), 6), 65.19406207884589
((9, 9, 4), frozenset({'base1'}), 5), 4
((5, 9, 2), frozenset(), 6), 10.0
((7, 7, 1), frozenset(), 7), 35.95283161042146
((5, 3, 4), frozenset(), 6), 16.461421763667094
((3, 5, 4), frozenset(), 1), 29.186365849420028
((5, 3, 3), frozenset(), 6), 21.473004790443696
((5, 9, 4), frozenset(), 0), 35.361372017879916
((5, 1, 1), frozenset({'obstacle'}), 2), 4
((7, 5, 4), frozenset(), 6), 72.5308402201654
((3, 3, 2), frozenset(), 7), 9.6
((3, 9, 1), frozenset(), 1), 31.53103876883653
((5, 9, 3), frozenset(), 0), 30.36789317804238
((7, 3, 1), frozenset({'obstacle'}), 4), 7.157894736842105
((9, 3, 2), frozenset(), 7), 14.249908499280906
((1, 3, 2), frozenset(), 5), 4.0
((1, 7, 1), frozenset(), 6), 53.993480428656504
((9, 7, 1), frozenset(), 1), 23.589258861439312
((9, 9, 3), frozenset({'base1'}), 6), 10.0
((9, 1, 1), frozenset({'base2'}), 5), 4
((9, 9, 2), frozenset({'base1'}), 6), 10.0
((7, 3, 3), frozenset({'obstacle'}), 7), 4.0
((9, 1, 3), frozenset({'base2'}), 7), 10.0
((5, 7, 4), frozenset(), 1), 28.407773298877462
((9, 7, 4), frozenset(), 0), 30.9092803189383
((1, 5, 3), frozenset(), 0), 40.214216154302164
((5, 7, 3), frozenset(), 1), 24.4833050855069
((3, 5, 2), frozenset(), 6), 23.047234403267478
((9, 3, 1), frozenset(), 7), 17.874862748921345
((5, 9, 2), frozenset(), 1), 27.687829542874628
((5, 3, 4), frozenset(), 1), 28.90789899053129
((1, 5, 1), frozenset(), 7), 40.561841018533826
((3, 5, 4), frozenset(), 5), 4.0
((5, 3, 3), frozenset(), 1), 28.90789899053129
((7, 3, 2), frozenset({'obstacle'}), 6), 4.0
((9, 1, 2), frozenset({'base2'}), 7), 10.0
((9, 9, 1), frozenset({'base1'}), 7), 10.0
((7, 5, 4), frozenset(), 1), 21.35102040816326
((7, 3, 4), frozenset({'obstacle'}), 5), 7.157894736842105
((3, 9, 1), frozenset(), 5), 2
((1, 3, 2), frozenset(), 0), 46.14145473910274
((1, 7, 1), frozenset(), 1), 31.461610796620022
((3, 5, 1), frozenset(), 0), 40.45043177493277
((7, 1, 4), frozenset(), 1), 16.0
((9, 9, 3), frozenset({'base1'}), 1), 23.888003723193624
((9, 1, 1), frozenset({'base2'}), 0), 31.17733254026515
((9, 9, 2), frozenset({'base1'}), 1), 20.554670389860288
((7, 3, 3), frozenset({'obstacle'}), 2), 4.0
((1, 9, 4), frozenset({'base3'}), 6), 51.073822081739834
((1, 1, 2), frozenset(), 7), 1
((5, 7, 4), frozenset(), 5), 6.0
((3, 5, 2), frozenset(), 1), 26.663895185688688
((5, 7, 3), frozenset(), 5), 6.0
((5, 3, 4), frozenset(), 5), 6.0
((9, 3, 3), frozenset(), 7), 25.301670155978993
((3, 5, 4), frozenset(), 0), 41.93849750025183
((3, 3, 1), frozenset(), 6), 10.0
((5, 3, 3), frozenset(), 5), 6.0
((7, 3, 2), frozenset({'obstacle'}), 1), 4.0
((9, 7, 3), frozenset(), 6), 82.75332688040672
((7, 5, 4), frozenset(), 5), 8.0
((7, 3, 4), frozenset({'obstacle'}), 0), 7.157894736842105
((7, 3, 1), frozenset({'obstacle'}), 3), 7.157894736842105
((1, 9, 2), frozenset({'base3'}), 7), 48.335851575162174
((7, 1, 4), frozenset(), 5), 5.2631578947368425
((1, 9, 4), frozenset({'base3'}), 1), 35.419862823979976
((3, 9, 3), frozenset(), 7), 16.326576196927583
((5, 9, 1), frozenset(), 0), 33.701226511375715
((5, 7, 4), frozenset(), 0), 38.366669521210824
((5, 7, 3), frozenset(), 0), 34.59818181203883
((5, 3, 4), frozenset(), 0), 42.95658990821038
((1, 5, 1), frozenset(), 6), 49.30923198391949
((3, 1, 3), frozenset(), 7), 10.0
((3, 3, 1), frozenset(), 1), 28.60229577288156
((5, 3, 3), frozenset(), 0), 42.95658990821038
((9, 7, 3), frozenset(), 1), 20.606802721088435
((7, 3, 2), frozenset({'obstacle'}), 5), 4.0
((7, 1, 2), frozenset(), 6), 80.9589004194879
((5, 5, 2), frozenset(), 5), 6.0
