((7, 3, 4), frozenset({'obstacle'}), 4), 350007.14897265064
((7, 1, 4), frozenset(), 0), 6039.5619707587
((1, 1, 2), frozenset(), 6), -149998.9961762488
((5, 5, 1), frozenset(), 7), -149972.12116555448
((1, 5, 1), frozenset(), 1), -49970.60956431238
((3, 3, 1), frozenset(), 5), 350007.14897265064
((7, 3, 2), frozenset({'obstacle'}), 0), 350003.9910779138
((9, 7, 3), frozenset(), 5), 350001.9910779138
((7, 1, 2), frozenset(), 1), -149983.32950958214
((5, 5, 2), frozenset(), 0), -49961.201163525264
((1, 9, 2), frozenset({'base3'}), 6), -149951.66032467363
((9, 5, 1), frozenset(), 7), -149971.0360264119
((3, 9, 3), frozenset(), 6), -149977.65154983962
((7, 9, 4), frozenset(), 7), -149983.07514198436
((1, 1, 2), frozenset(), 1), -49964.02716966649
((7, 5, 1), frozenset(), 5), 350005.9910779138
((7, 9, 2), frozenset(), 5), 350003.9910779138
((1, 9, 1), frozenset({'base3'}), 7), -149949.46876415075
((3, 1, 3), frozenset(), 6), -149989.9961762488
((3, 3, 1), frozenset(), 0), -49957.65195298526
((9, 7, 3), frozenset(), 0), -49969.08944509747
((5, 3, 2), frozenset(), 7), -149969.50142412906
((7, 1, 2), frozenset(), 5), 350001.9910779138
((3, 7, 3), frozenset(), 7), -149965.3931871017
((5, 5, 3), frozenset(), 6), -149939.59124132083
((1, 3, 1), frozenset(), 7), -149993.29617624878
((3, 9, 2), frozenset(), 7), -149956.34451249515
((3, 9, 4), frozenset(), 7), -149978.1146248521
((1, 5, 2), frozenset(), 7), -149956.41140095005
((7, 1, 3), frozenset(), 7), -149985.7058422176
((3, 1, 2), frozenset(), 7), -149989.9961762488
((3, 9, 3), frozenset(), 1), -49971.74505693686
((7, 5, 1), frozenset(), 0), -49965.42263586239
((3, 1, 1), frozenset(), 7), -149989.9961762488
((1, 1, 2), frozenset(), 5), 350001.9910779138
((7, 9, 2), frozenset(), 0), -49969.37313304079
((9, 5, 4), frozenset(), 1), -49983.198725416296
((5, 1, 3), frozenset({'obstacle'}), 6), 350005.3244112471
((7, 1, 2), frozenset(), 0), 6042.895304092033
((5, 5, 3), frozenset(), 1), -49980.00942361042
((5, 5, 4), frozenset(), 7), -149966.78426441306
((9, 5, 1), frozenset(), 6), -149920.3992445662
((9, 7, 2), frozenset(), 5), 350005.2542358085
((3, 9, 3), frozenset(), 5), 350005.2542358085
((7, 9, 4), frozenset(), 6), -149978.3755142835
((3, 7, 4), frozenset(), 7), -149962.43847454133
((1, 1, 2), frozenset(), 0), -49950.60576980118
((5, 1, 3), frozenset({'obstacle'}), 1), 350005.3244112471
((9, 5, 4), frozenset(), 5), 350003.9910779138
((1, 7, 4), frozenset(), 6), -149942.65269582014
((7, 7, 2), frozenset(), 6), -149940.01552154231
((7, 7, 4), frozenset(), 6), -149940.28147112078
((5, 3, 2), frozenset(), 6), -149926.92791523546
((3, 7, 3), frozenset(), 6), -149939.14310853498
((7, 9, 3), frozenset(), 6), -149974.44573474792
((5, 5, 3), frozenset(), 5), 350005.9910779138
((3, 9, 2), frozenset(), 6), -149942.28842249766
((3, 9, 4), frozenset(), 6), -149971.06518330087
((3, 3, 3), frozenset(), 6), -149989.9961762488
((9, 5, 1), frozenset(), 1), -49980.216269275945
((9, 5, 2), frozenset(), 6), -149920.3992445662
((9, 7, 2), frozenset(), 0), -49972.42277843075
((7, 9, 4), frozenset(), 1), -49973.095081993844
((1, 7, 3), frozenset(), 7), -149954.9133985836
((1, 7, 2), frozenset(), 7), -149952.5983985836
((9, 5, 4), frozenset(), 0), -49964.456674482746
((5, 1, 3), frozenset({'obstacle'}), 5), 350005.3244112471
((7, 9, 1), frozenset(), 7), -149959.82023755432
((1, 5, 4), frozenset(), 7), -149961.92381322206
((1, 7, 4), frozenset(), 1), -49966.1378556404
((3, 3, 4), frozenset(), 7), -149989.9961762488
((7, 7, 2), frozenset(), 1), -49976.319251018125
((7, 7, 4), frozenset(), 1), -49975.47076295312
((3, 5, 3), frozenset(), 7), -149966.14493806334
((5, 3, 2), frozenset(), 1), -49972.29819450025
((3, 7, 3), frozenset(), 1), -49973.743525234604
((7, 9, 3), frozenset(), 1), -49974.766961893634
((5, 5, 3), frozenset(), 0), -49964.47078539533
((9, 5, 3), frozenset(), 7), -149969.77969840032
((3, 9, 2), frozenset(), 1), -49969.47502144035
((3, 9, 4), frozenset(), 1), -49966.43660225601
((5, 1, 4), frozenset({'obstacle'}), 7), 350005.3244112471
((7, 1, 1), frozenset(), 7), -149974.8966337524
((5, 7, 1), frozenset(), 6), -149977.27166366024
((9, 3, 4), frozenset(), 1), -149983.32950958214
((3, 3, 3), frozenset(), 1), -49972.34014271011
((5, 1, 2), frozenset({'obstacle'}), 6), 350001.9910779138
((7, 1, 3), frozenset(), 1), -149986.66284291545
((9, 5, 2), frozenset(), 1), -49986.53205874963
((9, 9, 4), frozenset({'base1'}), 0), -49976.110721693214
((7, 9, 4), frozenset(), 5), 350005.2542358085
((1, 1, 1), frozenset(), 7), -149998.9961762488
((5, 1, 3), frozenset({'obstacle'}), 0), 350005.3244112471
((5, 1, 1), frozenset({'obstacle'}), 6), 350003.9910779138
((1, 7, 4), frozenset(), 5), 350001.9910779138
((7, 7, 2), frozenset(), 5), 350007.14897265064
((1, 1, 4), frozenset(), 6), -149998.9961762488
((7, 7, 4), frozenset(), 5), 350007.14897265064
((3, 7, 3), frozenset(), 5), 350007.14897265064
((7, 9, 3), frozenset(), 5), 350003.9910779138
((9, 1, 4), frozenset({'base2'}), 1), -149989.9961762488
((5, 1, 4), frozenset({'obstacle'}), 2), 350005.3244112471
((9, 7, 1), frozenset(), 5), 350003.9910779138
((5, 7, 1), frozenset(), 1), -49972.300090827186
((9, 3, 4), frozenset(), 5), 350003.9910779138
((3, 3, 3), frozenset(), 5), 350007.14897265064
((5, 1, 2), frozenset({'obstacle'}), 1), 350001.9910779138
((7, 7, 3), frozenset(), 7), -149967.6923481542
((5, 3, 1), frozenset(), 7), -149969.50142412906
((3, 7, 2), frozenset(), 7), -149960.35637729682
((9, 5, 2), frozenset(), 5), 350005.3244112471
((1, 7, 3), frozenset(), 6), -149942.65269582014
((5, 9, 2), frozenset(), 5), 350003.9910779138
((1, 1, 3), frozenset(), 7), -149998.9961762488
((7, 7, 1), frozenset(), 6), -149934.2862785412
((1, 7, 2), frozenset(), 6), -149944.80375402083
((5, 1, 3), frozenset({'obstacle'}), 4), 350005.3244112471
((7, 9, 1), frozenset(), 6), -149921.58652562555
((1, 5, 4), frozenset(), 6), -149941.15298681706
((5, 1, 1), frozenset({'obstacle'}), 1), 350003.9910779138
((1, 7, 4), frozenset(), 0), -49956.3355238606
((3, 3, 2), frozenset(), 6), -149990.3961762488
((3, 3, 4), frozenset(), 6), -149989.9961762488
((3, 9, 1), frozenset(), 0), -49963.451441178295
((7, 7, 2), frozenset(), 0), -49966.42242621825
((1, 1, 4), frozenset(), 1), -49964.32815882571
((7, 7, 4), frozenset(), 0), -49965.44772099461
((3, 7, 3), frozenset(), 0), -49963.730596646856
((7, 9, 3), frozenset(), 0), -49972.70646637407
((9, 5, 3), frozenset(), 6), -149931.09839668105
((1, 7, 1), frozenset(), 5), 350003.9910779138
((9, 1, 4), frozenset({'base2'}), 5), 350003.9910779138
((9, 7, 1), frozenset(), 0), -49970.37723905044
((5, 1, 4), frozenset({'obstacle'}), 6), 350005.3244112471
((5, 7, 2), frozenset(), 7), -149977.71040912357
((9, 9, 3), frozenset({'base1'}), 5), 350001.9910779138
((5, 7, 1), frozenset(), 5), 350003.9910779138
((9, 9, 2), frozenset({'base1'}), 5), 350003.9910779138
((9, 3, 4), frozenset(), 0), -49961.983200092014
((3, 3, 3), frozenset(), 0), -49959.54732615451
((7, 3, 3), frozenset({'obstacle'}), 6), 350003.9910779138
((1, 3, 4), frozenset(), 7), -149982.78028890354
((5, 1, 2), frozenset({'obstacle'}), 5), 350001.9910779138
((9, 5, 2), frozenset(), 0), -49966.622672766985
((1, 3, 3), frozenset(), 7), -149986.60616053134
((3, 5, 2), frozenset(), 5), 350005.9910779138
((1, 7, 3), frozenset(), 1), -49971.83614223777
((7, 5, 3), frozenset(), 7), -149967.8619294157
((5, 9, 2), frozenset(), 0), -49966.29749890509
((7, 7, 1), frozenset(), 1), -49974.22736540154
((1, 7, 2), frozenset(), 1), -49969.154617496046
((7, 9, 1), frozenset(), 1), -49971.60924507789
((9, 9, 1), frozenset({'base1'}), 6), -149989.9961762488
((7, 5, 4), frozenset(), 0), -49962.12000261201
((3, 1, 4), frozenset(), 7), -149989.9961762488
((3, 3, 2), frozenset(), 1), -49969.42722934993
((3, 3, 4), frozenset(), 1), -49971.40840719318
((5, 1, 1), frozenset({'obstacle'}), 5), 350003.9910779138
((9, 3, 2), frozenset(), 1), -149986.66284291545
((7, 3, 1), frozenset({'obstacle'}), 7), 350007.14897265064
((1, 1, 4), frozenset(), 5), 350001.9910779138
((9, 5, 3), frozenset(), 1), -49983.198725416296
((7, 5, 2), frozenset(), 7), -149969.14705063796
((1, 7, 1), frozenset(), 0), -49959.36277271999
((9, 1, 4), frozenset({'base2'}), 0), 30034.50990112321
((9, 9, 3), frozenset({'base1'}), 0), -49976.110721693214
((5, 1, 4), frozenset({'obstacle'}), 1), 350005.3244112471
((5, 7, 1), frozenset(), 0), -49964.32045654604
((9, 9, 2), frozenset({'base1'}), 0), -49979.4440550265
((7, 3, 3), frozenset({'obstacle'}), 1), 350003.9910779138
((9, 1, 3), frozenset({'base2'}), 1), -149989.9961762488
((1, 9, 4), frozenset({'base3'}), 5), 350001.9910779138
((5, 1, 2), frozenset({'obstacle'}), 0), 350001.9910779138
((7, 7, 3), frozenset(), 6), -149937.94189791632
((3, 7, 2), frozenset(), 6), -149946.89537088675
((3, 5, 2), frozenset(), 0), -49958.54339082827
((9, 3, 1), frozenset(), 1), -149983.9961762488
((1, 7, 3), frozenset(), 5), 350003.9910779138
((7, 7, 1), frozenset(), 5), 350003.9910779138
((1, 1, 3), frozenset(), 6), -149998.9961762488
((9, 3, 3), frozenset(), 6), -149916.4023508084
((9, 1, 2), frozenset({'base2'}), 1), -149989.9961762488
((9, 9, 1), frozenset({'base1'}), 1), -49973.12826555286
((5, 1, 1), frozenset({'obstacle'}), 0), 350003.9910779138
((3, 3, 2), frozenset(), 5), 350003.9910779138
((3, 3, 4), frozenset(), 5), 350003.9910779138
((5, 9, 4), frozenset(), 7), -149989.9961762488
((7, 3, 1), frozenset({'obstacle'}), 2), 350007.14897265064
((1, 1, 4), frozenset(), 0), -49951.14699250832
((9, 3, 2), frozenset(), 5), 350003.9910779138
((5, 7, 2), frozenset(), 6), -149969.60023003473
((1, 9, 4), frozenset({'base3'}), 0), -49957.858149465
((7, 3, 3), frozenset({'obstacle'}), 5), 350003.9910779138
((9, 1, 3), frozenset({'base2'}), 5), 350001.9910779138
((7, 7, 3), frozenset(), 1), -49977.44448286722
((1, 3, 4), frozenset(), 6), -149978.8040436033
((9, 7, 4), frozenset(), 7), -149967.18720086163
((1, 5, 3), frozenset(), 7), -149966.2772357877
((9, 3, 1), frozenset(), 5), 350005.2542358085
((7, 7, 1), frozenset(), 0), -49967.44108287843
((1, 1, 3), frozenset(), 1), -49965.381379027735
((9, 3, 3), frozenset(), 1), -149983.32950958214
((1, 5, 1), frozenset(), 5), 350005.3244112471
((7, 3, 2), frozenset({'obstacle'}), 4), 350003.9910779138
((9, 1, 2), frozenset({'base2'}), 5), 350001.9910779138
((9, 9, 1), frozenset({'base1'}), 5), 350001.9910779138
((3, 3, 2), frozenset(), 0), -49956.35226775676
((7, 3, 4), frozenset({'obstacle'}), 3), 350007.14897265064
((9, 3, 2), frozenset(), 0), -49961.44854256358
((1, 9, 2), frozenset({'base3'}), 1), -49967.60297992554
((7, 3, 1), frozenset({'obstacle'}), 6), 350007.14897265064
((7, 5, 2), frozenset(), 6), -149923.93039089453
((1, 3, 2), frozenset(), 7), -149996.1961762488
((5, 7, 2), frozenset(), 1), -49974.42415975921
((3, 5, 1), frozenset(), 7), -149977.84335464114
((9, 1, 1), frozenset({'base2'}), 7), -149989.9961762488
((7, 3, 3), frozenset({'obstacle'}), 0), 350003.9910779138
((9, 1, 3), frozenset({'base2'}), 0), 30034.50990112321
((7, 7, 3), frozenset(), 5), 350003.9910779138
((9, 3, 1), frozenset(), 0), -49965.316533425284
((3, 7, 1), frozenset(), 7), -149957.86590959452
((5, 5, 1), frozenset(), 6), -149945.17413432096
((1, 5, 1), frozenset(), 0), -49957.785210854796
((3, 1, 3), frozenset(), 1), -49966.14168810707
((9, 3, 3), frozenset(), 5), 350001.9910779138
((9, 1, 2), frozenset({'base2'}), 0), 30037.49235726356
((9, 9, 1), frozenset({'base1'}), 0), -49973.12826555286
((7, 3, 1), frozenset({'obstacle'}), 1), 350007.14897265064
((7, 3, 4), frozenset({'obstacle'}), 7), 350007.14897265064
((1, 9, 2), frozenset({'base3'}), 5), 350003.9910779138
((1, 9, 3), frozenset({'base3'}), 7), -149950.62440061467
((5, 9, 1), frozenset(), 7), -149989.9961762488
((5, 7, 4), frozenset(), 7), -149960.3970614864
((9, 7, 4), frozenset(), 6), -149918.87073052162
((1, 5, 3), frozenset(), 6), -149938.80040912447
((5, 7, 3), frozenset(), 7), -149963.67414921126
((5, 5, 1), frozenset(), 1), -49976.676090277135
((1, 9, 1), frozenset({'base3'}), 6), -149949.46876415075
((9, 3, 3), frozenset(), 0), -49961.983200092014
((3, 1, 3), frozenset(), 5), 350005.2542358085
((5, 3, 4), frozenset(), 7), -149986.1855846853
((7, 3, 2), frozenset({'obstacle'}), 3), 350003.9910779138
((5, 3, 3), frozenset(), 7), -149983.41115267263
((1, 3, 1), frozenset(), 6), -149993.29617624878
((7, 3, 4), frozenset({'obstacle'}), 2), 350007.14897265064
((1, 9, 2), frozenset({'base3'}), 0), -49960.84060560535
((7, 3, 1), frozenset({'obstacle'}), 5), 350007.14897265064
((1, 5, 2), frozenset(), 6), -149943.0682855908
((3, 5, 1), frozenset(), 6), -149970.19454988424
((7, 1, 4), frozenset(), 7), -149982.060675202
((3, 1, 2), frozenset(), 6), -149989.9961762488
((3, 9, 3), frozenset(), 0), -49966.784774511565
((3, 1, 1), frozenset(), 6), -149989.9961762488
((1, 5, 3), frozenset(), 1), -49973.942897645655
((3, 7, 1), frozenset(), 6), -149945.7572320381
((1, 9, 1), frozenset({'base3'}), 1), -49966.8530784559
((5, 5, 1), frozenset(), 5), 350005.9910779138
((3, 1, 3), frozenset(), 0), -49952.43955868027
((7, 3, 2), frozenset({'obstacle'}), 7), 350003.9910779138
((1, 3, 1), frozenset(), 1), -49969.154617496046
((5, 5, 2), frozenset(), 7), -149972.18037455302
((1, 5, 2), frozenset(), 1), -49970.60956431238
((7, 3, 4), frozenset({'obstacle'}), 6), 350007.14897265064
((3, 5, 1), frozenset(), 1), -49973.33483023072
((5, 5, 4), frozenset(), 6), -149940.22931074875
((9, 1, 1), frozenset({'base2'}), 1), -149989.9961762488
((3, 1, 2), frozenset(), 1), -49965.55786133317
((9, 5, 1), frozenset(), 5), 350005.3244112471
((3, 1, 1), frozenset(), 1), -49969.47502144035
((1, 9, 3), frozenset({'base3'}), 6), -149950.62440061467
((3, 7, 4), frozenset(), 6), -149940.75943298527
((5, 9, 1), frozenset(), 6), -149989.9961762488
((1, 5, 3), frozenset(), 5), 350003.9910779138
((3, 7, 1), frozenset(), 1), -49970.46209915092
((5, 5, 1), frozenset(), 0), -49962.34796986405
((1, 9, 1), frozenset({'base3'}), 5), 350001.9910779138
((3, 3, 1), frozenset(), 7), -149989.9961762488
((7, 3, 2), frozenset({'obstacle'}), 2), 350003.9910779138
((9, 7, 3), frozenset(), 7), -149967.18720086163
((5, 3, 2), frozenset(), 5), 350003.9910779138
((1, 3, 1), frozenset(), 5), 350005.2542358085
((3, 9, 2), frozenset(), 5), 350003.9910779138
((3, 9, 4), frozenset(), 5), 350003.9910779138
((7, 3, 4), frozenset({'obstacle'}), 1), 350007.14897265064
((1, 5, 2), frozenset(), 5), 350005.3244112471
((5, 5, 4), frozenset(), 1), -49976.300132550576
((3, 5, 1), frozenset(), 5), 350005.9910779138
((7, 1, 3), frozenset(), 5), 350003.9910779138
((9, 5, 1), frozenset(), 0), -49967.790007816024
((3, 1, 2), frozenset(), 5), 350001.9910779138
((7, 9, 4), frozenset(), 0), -49970.00433871449
((1, 9, 3), frozenset({'base3'}), 1), -49970.14475059641
((3, 7, 4), frozenset(), 1), -49968.36206625364
((3, 1, 1), frozenset(), 5), 350003.9910779138
((5, 9, 1), frozenset(), 1), -49970.092383445524
((7, 5, 1), frozenset(), 7), -149966.93772043614
((7, 9, 2), frozenset(), 7), -149965.0839949639
((3, 7, 1), frozenset(), 5), 350003.9910779138
((1, 9, 1), frozenset({'base3'}), 0), -49960.84060560535
((3, 5, 3), frozenset(), 6), -149934.77456748663
((5, 3, 2), frozenset(), 0), -49957.028658905285
((7, 1, 2), frozenset(), 7), -149974.8966337524
((1, 3, 1), frozenset(), 0), -49956.137827412225
((3, 9, 2), frozenset(), 0), -49963.451441178295
((3, 9, 4), frozenset(), 0), -49960.468985037944
((7, 1, 1), frozenset(), 6), -149922.2596048177
((5, 5, 2), frozenset(), 6), -149939.04619168065
((1, 5, 2), frozenset(), 0), -49956.521388293346
((5, 5, 4), frozenset(), 5), 350005.9910779138
((7, 1, 3), frozenset(), 0), 6045.877760232384
((3, 1, 2), frozenset(), 0), -49952.079476867126
((3, 1, 1), frozenset(), 0), -49955.77289201361
((1, 9, 3), frozenset({'base3'}), 5), 350003.9910779138
((3, 7, 4), frozenset(), 5), 350003.9910779138
((5, 9, 1), frozenset(), 5), 350001.9910779138
((1, 1, 1), frozenset(), 6), -149998.9961762488
((3, 7, 1), frozenset(), 0), -49961.47496339373
((1, 5, 4), frozenset(), 1), -49967.627108172026
((3, 5, 3), frozenset(), 1), -49976.668163564005
((7, 1, 1), frozenset(), 1), -149983.32950958214
((5, 5, 2), frozenset(), 1), -49976.676090277135
((5, 5, 4), frozenset(), 0), -49963.22728457955
((5, 3, 1), frozenset(), 6), -149929.82128072524
((9, 7, 2), frozenset(), 7), -149979.06494682
((1, 9, 3), frozenset({'base3'}), 0), -49964.17393893863
((3, 7, 4), frozenset(), 0), -49958.43578619654
((1, 7, 2), frozenset(), 5), 350005.2542358085
((7, 5, 1), frozenset(), 6), -149923.93039089453
((1, 1, 1), frozenset(), 1), -49967.60297992554
((7, 9, 2), frozenset(), 6), -149922.84595523955
((5, 1, 3), frozenset({'obstacle'}), 3), 350005.3244112471
((9, 5, 4), frozenset(), 7), -149969.77969840032
((7, 9, 1), frozenset(), 5), 350001.9910779138
((1, 5, 4), frozenset(), 5), 350001.9910779138
((3, 5, 3), frozenset(), 5), 350007.9910779138
((5, 9, 3), frozenset(), 7), -149989.9961762488
((9, 5, 3), frozenset(), 5), 350001.9910779138
((5, 5, 3), frozenset(), 7), -149969.2097607073
((5, 1, 4), frozenset({'obstacle'}), 5), 350005.3244112471
((7, 1, 1), frozenset(), 5), 350003.9910779138
((5, 1, 2), frozenset({'obstacle'}), 4), 350001.9910779138
((5, 3, 1), frozenset(), 1), -49974.42415975921
((3, 7, 2), frozenset(), 1), -49971.39642964353
((1, 3, 3), frozenset(), 6), -149983.3475063885
((1, 7, 3), frozenset(), 0), -49961.84504439139
((7, 5, 3), frozenset(), 6), -149925.31722892003
((9, 9, 4), frozenset({'base1'}), 7), -149989.9961762488
((1, 7, 2), frozenset(), 0), -49958.55650377716
((7, 5, 1), frozenset(), 1), -49977.4980451443
((7, 9, 2), frozenset(), 1), -49974.77034239329
((1, 1, 1), frozenset(), 5), 350003.9910779138
((7, 9, 1), frozenset(), 0), -49969.37313304079
((5, 1, 3), frozenset({'obstacle'}), 7), 350005.3244112471
((1, 5, 4), frozenset(), 0), -49954.73254234993
((3, 1, 4), frozenset(), 6), -149989.9961762488
((3, 3, 4), frozenset(), 0), -49959.613396355184
((5, 1, 1), frozenset({'obstacle'}), 4), 350003.9910779138
((3, 5, 3), frozenset(), 0), -49961.82089622753
((9, 5, 3), frozenset(), 0), -49964.456674482746
((5, 1, 4), frozenset({'obstacle'}), 0), 350005.3244112471
((7, 1, 1), frozenset(), 0), 6042.895304092033
((1, 3, 4), frozenset(), 1), -49966.52899218627
((5, 3, 1), frozenset(), 5), 350007.9910779138
((3, 7, 2), frozenset(), 5), 350007.14897265064
((1, 3, 3), frozenset(), 1), -49970.153099335206
((7, 5, 3), frozenset(), 1), -49980.83137847758
((9, 7, 2), frozenset(), 6), -149966.86160994603
((1, 1, 3), frozenset(), 5), 350003.9910779138
((1, 1, 1), frozenset(), 0), -49954.44065252683
((3, 5, 4), frozenset(), 7), -149961.8973181984
((5, 1, 3), frozenset({'obstacle'}), 2), 350005.3244112471
((9, 5, 4), frozenset(), 6), -149931.08860823902
((3, 1, 4), frozenset(), 1), -49966.14168810707
((5, 9, 4), frozenset(), 6), -149989.9961762488
((1, 7, 4), frozenset(), 7), -149952.8401813013
((3, 9, 1), frozenset(), 7), -149952.12111594545
((5, 9, 3), frozenset(), 6), -149989.9961762488
((7, 7, 2), frozenset(), 7), -149968.48997424828
((7, 5, 2), frozenset(), 1), -49977.4980451443
((7, 7, 4), frozenset(), 7), -149967.0199218005
((7, 9, 3), frozenset(), 7), -149984.20438117135
((5, 1, 4), frozenset({'obstacle'}), 4), 350005.3244112471
((5, 7, 2), frozenset(), 5), 350007.9910779138
((9, 7, 1), frozenset(), 7), -149982.7309885099
((7, 3, 3), frozenset({'obstacle'}), 4), 350003.9910779138
((9, 3, 4), frozenset(), 7), -149974.6945060928
((7, 7, 3), frozenset(), 0), -49967.328295695566
((3, 3, 3), frozenset(), 7), -149989.9961762488
((1, 3, 4), frozenset(), 5), 350001.9910779138
((5, 1, 2), frozenset({'obstacle'}), 3), 350001.9910779138
((3, 7, 2), frozenset(), 0), -49960.45398437043
((5, 3, 1), frozenset(), 0), -49960.375468841645
((1, 3, 3), frozenset(), 5), 350003.9910779138
((9, 5, 2), frozenset(), 7), -149972.09469840032
((9, 7, 2), frozenset(), 1), -49982.7252560286
((7, 5, 3), frozenset(), 5), 350003.9910779138
((9, 9, 4), frozenset({'base1'}), 6), -149989.9961762488
((1, 1, 3), frozenset(), 0), -49951.861112175146
((5, 9, 2), frozenset(), 7), -149989.9961762488
((3, 1, 4), frozenset(), 5), 350003.9910779138
((5, 9, 4), frozenset(), 1), -49969.80778628164
((5, 1, 1), frozenset({'obstacle'}), 3), 350003.9910779138
((7, 5, 4), frozenset(), 7), -149966.96561001838
((5, 9, 3), frozenset(), 1), -49973.30246608835
((7, 5, 2), frozenset(), 5), 350005.9910779138
((1, 3, 2), frozenset(), 6), -149996.1961762488
((5, 7, 2), frozenset(), 0), -49962.33193536643
((1, 7, 1), frozenset(), 7), -149952.5983985836
((9, 1, 4), frozenset({'base2'}), 7), -149989.9961762488
((9, 9, 3), frozenset({'base1'}), 7), -149989.9961762488
((5, 7, 1), frozenset(), 7), -149981.93747517912
((9, 9, 2), frozenset({'base1'}), 7), -149989.9961762488
((1, 3, 4), frozenset(), 0), -49954.304345438075
((9, 7, 4), frozenset(), 1), -49979.39192269532
((5, 1, 2), frozenset({'obstacle'}), 7), 350001.9910779138
((1, 3, 3), frozenset(), 0), -49957.06390641438
((7, 5, 3), frozenset(), 0), -49962.67260410515
((3, 5, 2), frozenset(), 7), -149982.75860412448
((9, 9, 4), frozenset({'base1'}), 1), -49976.110721693214
((3, 5, 4), frozenset(), 6), -149936.7331813659
((3, 1, 4), frozenset(), 0), -49952.43955868027
((5, 9, 4), frozenset(), 5), 350005.3244112471
((5, 1, 1), frozenset({'obstacle'}), 7), 350003.9910779138
((7, 3, 1), frozenset({'obstacle'}), 0), 350007.14897265064
((3, 9, 1), frozenset(), 6), -149942.28842249766
((5, 9, 3), frozenset(), 5), 350005.3244112471
((1, 1, 4), frozenset(), 7), -149998.9961762488
((7, 5, 2), frozenset(), 0), -49962.70890542235
((1, 3, 2), frozenset(), 1), -49967.42714408788
((5, 1, 4), frozenset({'obstacle'}), 3), 350005.3244112471
((9, 7, 1), frozenset(), 6), -149975.3187018219
((7, 3, 3), frozenset({'obstacle'}), 3), 350003.9910779138
((9, 3, 4), frozenset(), 6), -149919.6836067142
((1, 9, 4), frozenset({'base3'}), 7), -149948.92235416707
((5, 1, 2), frozenset({'obstacle'}), 2), 350001.9910779138
((5, 7, 4), frozenset(), 6), -149938.3950479844
((9, 7, 4), frozenset(), 5), 350003.9910779138
((5, 7, 3), frozenset(), 6), -149934.80211416996
((9, 9, 4), frozenset({'base1'}), 5), 350003.9910779138
((5, 9, 2), frozenset(), 6), -149989.9961762488
((7, 7, 1), frozenset(), 7), -149964.04334463837
((5, 3, 4), frozenset(), 6), -149983.53475448512
((3, 5, 4), frozenset(), 1), -49970.81235956682
((5, 3, 3), frozenset(), 6), -149978.52317145836
((5, 9, 4), frozenset(), 0), -49964.63735339853
((5, 1, 1), frozenset({'obstacle'}), 2), 350003.9910779138
((7, 5, 4), frozenset(), 6), -149927.46533602863
((3, 3, 2), frozenset(), 7), -149990.3961762488
((3, 9, 1), frozenset(), 1), -49968.46768664763
((5, 9, 3), frozenset(), 0), -49969.63083223836
((7, 3, 1), frozenset({'obstacle'}), 4), 350007.14897265064
((9, 3, 2), frozenset(), 7), -149985.74626774952
((1, 3, 2), frozenset(), 5), 350003.9910779138
((1, 7, 1), frozenset(), 6), -149946.00269582015
((9, 7, 1), frozenset(), 1), -49976.40946655497
((9, 9, 3), frozenset({'base1'}), 6), -149989.9961762488
((9, 1, 1), frozenset({'base2'}), 5), 350003.9910779138
((9, 9, 2), frozenset({'base1'}), 6), -149989.9961762488
((7, 3, 3), frozenset({'obstacle'}), 7), 350003.9910779138
((9, 1, 3), frozenset({'base2'}), 7), -149989.9961762488
((5, 7, 4), frozenset(), 1), -49971.59095211742
((9, 7, 4), frozenset(), 0), -49969.08944509747
((1, 5, 3), frozenset(), 0), -49959.784509262165
((5, 7, 3), frozenset(), 1), -49975.5154203309
((3, 5, 2), frozenset(), 6), -149976.94894184553
((9, 3, 1), frozenset(), 7), -149982.12131349987
((5, 9, 2), frozenset(), 1), -49972.31089587353
((5, 3, 4), frozenset(), 1), -49971.090826425934
((1, 5, 1), frozenset(), 7), -149959.43433523027
((3, 5, 4), frozenset(), 5), 350003.9910779138
((5, 3, 3), frozenset(), 1), -49971.090826425934
((7, 3, 2), frozenset({'obstacle'}), 6), 350003.9910779138
((9, 1, 2), frozenset({'base2'}), 7), -149989.9961762488
((9, 9, 1), frozenset({'base1'}), 7), -149989.9961762488
((7, 5, 4), frozenset(), 1), -49978.64770500814
((7, 3, 4), frozenset({'obstacle'}), 5), 350007.14897265064
((3, 9, 1), frozenset(), 5), 350001.9910779138
((1, 3, 2), frozenset(), 0), -49953.85727067742
((1, 7, 1), frozenset(), 1), -49968.537114619845
((3, 5, 1), frozenset(), 0), -49959.548293641645
((7, 1, 4), frozenset(), 1), -149983.9961762488
((9, 9, 3), frozenset({'base1'}), 1), -49976.110721693214
((9, 1, 1), frozenset({'base2'}), 0), 30031.176567789877
((9, 9, 2), frozenset({'base1'}), 1), -49979.4440550265
((7, 3, 3), frozenset({'obstacle'}), 2), 350003.9910779138
((1, 9, 4), frozenset({'base3'}), 6), -149948.92235416707
((1, 1, 2), frozenset(), 7), -149998.9961762488
((5, 7, 4), frozenset(), 5), 350005.9910779138
((3, 5, 2), frozenset(), 1), -49973.33483023072
((5, 7, 3), frozenset(), 5), 350005.9910779138
((5, 3, 4), frozenset(), 5), 350005.9910779138
((9, 3, 3), frozenset(), 7), -149974.6945060928
((3, 5, 4), frozenset(), 0), -49958.06022791621
((3, 3, 1), frozenset(), 6), -149989.9961762488
((5, 3, 3), frozenset(), 5), 350005.9910779138
((7, 3, 2), frozenset({'obstacle'}), 1), 350003.9910779138
((9, 7, 3), frozenset(), 6), -149917.2428493684
((7, 5, 4), frozenset(), 5), 350007.9910779138
((7, 3, 4), frozenset({'obstacle'}), 0), 350007.14897265064
((7, 3, 1), frozenset({'obstacle'}), 3), 350007.14897265064
((1, 9, 2), frozenset({'base3'}), 7), -149951.66032467363
((7, 1, 4), frozenset(), 5), 350005.2542358085
((1, 9, 4), frozenset({'base3'}), 1), -49964.57886259248
((3, 9, 3), frozenset(), 7), -149983.66960005186
((5, 9, 1), frozenset(), 0), -49966.29749890509
((5, 7, 4), frozenset(), 0), -49961.6320558952
((5, 7, 3), frozenset(), 0), -49965.400543604366
((5, 3, 4), frozenset(), 0), -49957.042135508316
((1, 5, 1), frozenset(), 6), -149950.6869442649
((3, 1, 3), frozenset(), 7), -149989.9961762488
((3, 3, 1), frozenset(), 1), -49971.39642964353
((5, 3, 3), frozenset(), 0), -49957.042135508316
((9, 7, 3), frozenset(), 1), -49979.39192269532
((7, 3, 2), frozenset({'obstacle'}), 5), 350003.9910779138
((7, 1, 2), frozenset(), 6), -149919.0372758293
((5, 5, 2), frozenset(), 5), 350005.9910779138
